5 1008
100
240
80
90
75
1 1
2 95
1 4
2 80
2 50
1 5
2 120
2 100
2 93
2 131
2 164
2 78
2 184
2 84
2 171
2 162
2 225
2 140
2 187
2 203
2 213
2 186
2 106
2 240
2 142
2 168
2 176
2 93
2 151
2 110
2 204
2 188
2 136
2 138
2 134
2 239
2 171
2 183
2 109
2 221
2 201
2 171
2 84
2 92
2 81
2 152
2 99
2 223
2 179
2 106
2 163
2 87
2 148
2 158
2 170
2 237
2 132
2 103
2 217
2 226
2 187
2 202
2 133
2 214
2 225
2 77
2 217
2 94
2 209
2 77
2 213
2 240
2 155
2 202
2 201
2 181
2 116
2 91
2 130
2 206
2 79
2 112
2 150
2 115
2 222
2 138
2 79
2 214
2 135
2 138
2 232
2 128
2 197
2 197
2 206
2 102
2 117
2 233
2 235
2 231
2 122
2 235
2 130
2 108
2 234
2 152
2 149
2 207
2 153
2 75
2 95
2 236
2 86
2 192
2 115
2 163
2 143
2 180
2 177
2 176
2 166
2 125
2 122
2 194
2 133
2 216
2 228
2 76
2 90
2 194
2 136
2 169
2 170
2 178
2 92
2 89
2 195
2 157
2 86
2 212
2 205
2 137
2 199
2 191
2 118
2 204
2 186
2 173
2 209
2 122
2 167
2 234
2 179
2 192
2 126
2 215
2 102
2 237
2 80
2 100
2 157
2 237
2 89
2 143
2 78
2 145
2 212
2 219
2 98
2 178
2 90
2 95
2 198
2 217
2 153
2 212
2 75
2 170
2 195
2 126
2 86
2 110
2 222
2 232
2 231
2 137
2 227
2 200
2 112
2 161
2 194
2 207
2 230
2 145
2 84
2 119
2 76
2 99
2 101
2 236
2 102
2 129
2 166
2 190
2 103
2 94
2 85
2 227
2 172
2 157
2 137
2 79
2 89
2 131
2 220
2 209
2 144
2 161
2 88
2 229
2 181
2 92
2 220
2 200
2 182
2 189
2 79
2 230
2 218
2 190
2 237
2 107
2 115
2 217
2 85
2 200
2 111
2 207
2 97
2 203
2 123
2 110
2 187
2 165
2 171
2 106
2 118
2 185
2 198
2 215
2 152
2 230
2 75
2 93
2 136
2 140
2 222
2 208
2 237
2 120
2 231
2 83
2 199
2 196
2 187
2 130
2 210
2 169
2 122
2 101
2 207
2 238
2 173
2 175
2 142
2 146
2 90
2 233
2 235
2 192
2 79
2 173
2 195
2 112
2 104
2 162
2 186
2 154
2 88
2 88
2 134
2 136
2 127
2 100
2 99
2 92
2 106
2 81
2 111
2 231
2 169
2 128
2 190
2 81
2 238
2 131
2 142
2 123
2 137
2 77
2 85
2 217
2 196
2 93
2 122
2 76
2 149
2 109
2 208
2 229
2 99
2 77
2 88
2 137
2 81
2 184
2 222
2 87
2 117
2 92
2 90
2 127
2 225
2 208
2 137
2 97
2 112
2 146
2 148
2 211
2 233
2 220
2 154
2 238
2 141
2 215
2 83
2 168
2 110
2 162
2 110
2 178
2 157
2 90
2 80
2 240
2 140
2 232
2 221
2 102
2 226
2 96
2 142
2 94
2 119
2 180
2 88
2 169
2 175
2 188
2 225
2 179
2 161
2 195
2 210
2 81
2 111
2 162
2 89
2 108
2 171
2 148
2 194
2 237
2 205
2 75
2 173
2 186
2 178
2 151
2 235
2 200
2 144
2 156
2 99
2 182
2 161
2 203
2 212
2 95
2 120
2 176
2 161
2 205
2 94
2 136
2 197
2 119
2 172
2 218
2 229
2 118
2 76
2 85
2 188
2 172
2 116
2 106
2 123
2 231
2 234
2 141
2 178
2 114
2 85
2 170
2 200
2 206
2 182
2 216
2 94
2 114
2 92
2 175
2 159
2 180
2 122
2 145
2 175
2 171
2 215
2 217
2 75
2 150
2 75
2 124
2 183
2 75
2 223
2 210
2 215
2 191
2 201
2 142
2 125
2 182
2 215
2 127
2 112
2 213
2 222
2 85
2 155
2 136
2 201
2 135
2 219
2 86
2 215
2 89
2 78
2 101
2 86
2 101
2 226
2 214
2 133
2 91
2 144
2 210
2 237
2 92
2 207
2 194
2 165
2 173
2 121
2 239
2 143
2 84
2 134
2 212
2 224
2 237
2 189
2 232
2 237
2 159
2 123
2 172
2 79
2 179
2 137
2 113
2 134
2 149
2 109
2 234
2 155
2 168
2 140
2 187
2 215
2 219
2 97
2 177
2 158
2 173
2 136
2 225
2 142
2 161
2 144
2 139
2 169
2 213
2 79
2 96
2 78
2 177
2 151
2 107
2 239
2 181
2 104
2 189
2 221
2 217
2 233
2 163
2 142
2 145
2 184
2 142
2 103
2 154
2 104
2 218
2 92
2 180
2 206
2 106
2 92
2 189
2 235
2 212
2 148
2 88
2 176
2 176
2 83
2 233
2 142
2 224
2 100
2 182
2 238
2 155
2 148
2 179
2 133
2 156
2 121
2 118
2 183
2 202
2 87
2 205
2 153
2 137
2 180
2 82
2 189
2 150
2 188
2 161
2 208
2 131
2 142
2 161
2 75
2 179
2 240
2 116
2 202
2 176
2 167
2 147
2 97
2 76
2 167
2 88
2 168
2 201
2 155
2 235
2 163
2 227
2 229
2 173
2 202
2 221
2 205
2 112
2 134
2 235
2 118
2 87
2 212
2 198
2 189
2 97
2 234
2 151
2 75
2 238
2 182
2 157
2 138
2 105
2 193
2 94
2 181
2 129
2 220
2 240
2 101
2 226
2 136
2 121
2 157
2 110
2 79
2 89
2 129
2 156
2 104
2 150
2 89
2 225
2 80
2 171
2 200
2 178
2 158
2 196
2 151
2 187
2 230
2 133
2 154
2 184
2 81
2 143
2 184
2 138
2 221
2 214
2 111
2 137
2 224
2 85
2 147
2 130
2 165
2 230
2 83
2 227
2 176
2 94
2 210
2 126
2 79
2 219
2 135
2 240
2 111
2 195
2 219
2 177
2 83
2 116
2 84
2 208
2 153
2 187
2 163
2 171
2 83
2 83
2 230
2 104
2 225
2 78
2 231
2 145
2 78
2 148
2 132
2 105
2 128
2 174
2 129
2 217
2 76
2 207
2 85
2 92
2 234
2 146
2 146
2 171
2 163
2 94
2 229
2 187
2 82
2 237
2 98
2 176
2 210
2 132
2 75
2 167
2 96
2 80
2 213
2 222
2 122
2 195
2 103
2 187
2 139
2 167
2 195
2 111
2 210
2 173
2 88
2 117
2 177
2 196
2 151
2 171
2 103
2 216
2 206
2 123
2 144
2 131
2 172
2 195
2 139
2 89
2 210
2 215
2 220
2 139
2 129
2 76
2 222
2 221
2 229
2 137
2 177
2 115
2 225
2 175
2 88
2 197
2 239
2 184
2 199
2 163
2 146
2 163
2 78
2 110
2 212
2 199
2 93
2 178
2 116
2 159
2 154
2 110
2 183
2 163
2 196
2 181
2 210
2 226
2 158
2 123
2 85
2 177
2 158
2 190
2 225
2 201
2 216
2 207
2 79
2 92
2 178
2 211
2 190
2 182
2 123
2 88
2 112
2 209
2 110
2 113
2 102
2 165
2 151
2 184
2 141
2 165
2 187
2 118
2 77
2 188
2 185
2 92
2 139
2 117
2 84
2 236
2 226
2 204
2 203
2 161
2 186
2 188
2 86
2 227
2 117
2 106
2 223
2 94
2 161
2 184
2 126
2 140
2 237
2 91
2 210
2 151
2 89
2 154
2 174
2 94
2 182
2 160
2 97
2 194
2 133
2 76
2 216
2 106
2 102
2 186
2 121
2 108
2 129
2 128
2 206
2 199
2 228
2 106
2 172
2 96
2 168
2 211
2 128
2 186
2 211
2 203
2 147
2 123
2 167
2 190
2 147
2 239
2 206
2 140
2 147
2 121
2 84
2 237
2 112
2 205
2 169
2 178
2 162
2 94
2 197
2 229
2 178
2 193
2 108
2 187
2 109
2 114
2 106
2 91
2 112
2 76
2 218
2 227
2 156
2 107
2 82
2 98
2 213
2 213
2 166
2 106
2 103
2 98
2 228
2 203
2 80
2 204
2 106
2 232
2 213
2 85
2 214
2 210
2 229
2 217
2 226
2 119
2 199
2 116
2 79
2 87
2 186
2 206
2 189
2 221
2 106
2 155
2 82
2 176
2 102
2 113
2 146
2 155
2 180
2 203
2 121
2 174
2 89
2 166
2 187
2 172
2 156
2 146
2 227
2 89
2 134
2 147
2 100
2 212
2 236
2 124
2 206
2 183
2 184
2 206
2 157
2 142
2 159
2 209
2 239
2 77
2 171
2 208
2 88
2 192
2 136
2 150
2 129
2 96
2 132
2 132
2 164
2 188
2 198
2 95
2 90
2 105
2 187
2 230
